 10.000902   7.219736  -5230.187988
  9.535070   7.225821  -5213.445801
 11.352814   7.231906  -5196.741211
 10.778955   7.237991  -5180.071289
 10.885120   7.244076  -5163.440918
 10.634744   7.250161  -5146.846680
 10.331476   7.256246  -5130.291016
  9.849421   7.262331  -5113.769531
 10.804008   7.268416  -5097.286621
 11.786747   7.274501  -5080.841309
 10.246902   7.280586  -5064.433105
 11.145115   7.286671  -5048.061523
 10.337248   7.292757  -5031.725586
  9.715519   7.298841  -5015.428711
 11.416597   7.304926  -4999.167969
 10.570336   7.311011  -4982.944336
 10.096165   7.317097  -4966.756348
 10.075158   7.323182  -4950.607910
  9.621630   7.329267  -4934.495117
  8.765245   7.335351  -4918.419922
 11.887606   7.341436  -4902.380859
  7.412274   7.347522  -4886.379395
  8.394537   7.353607  -4870.415039
 10.434177   7.359692  -4854.487305
 10.275415   7.365777  -4838.597656
  9.181373   7.371862  -4822.743164
 10.383624   7.377947  -4806.927246
  9.930012   7.384032  -4791.147949
  8.410461   7.390117  -4775.405762
  9.032434   7.396202  -4759.699707
  8.851191   7.402287  -4744.031738
  9.500977   7.408372  -4728.400391
 10.643749   7.414457  -4712.806641
 11.325788   7.420542  -4697.250000
  9.179503   7.426627  -4681.729004
 11.493481   7.432712  -4666.245117
  9.237773   7.438797  -4650.799805
 10.251343   7.444882  -4635.391602
 11.341144   7.450967  -4620.018066
 10.445807   7.457052  -4604.683105
 10.698755   7.463137  -4589.385742
  9.961171   7.469222  -4574.125000
  9.632483   7.475307  -4558.901367
 11.340490   7.481392  -4543.713379
  7.335696   7.487477  -4528.563477
  9.566141   7.493562  -4513.451660
 10.665102   7.499647  -4498.375000
  7.772133   7.505733  -4483.335449
  8.859411   7.511817  -4468.333984
  9.041870   7.517902  -4453.369629
  9.477575   7.523987  -4438.442383
  8.586267   7.530072  -4423.552246
  9.119310   7.536158  -4408.697266
 12.083386   7.542243  -4393.880859
 11.733385   7.548327  -4379.101562
  9.492163   7.554412  -4364.358398
  9.846148   7.560498  -4349.652344
 10.441901   7.566583  -4334.984863
  8.566015   7.572668  -4320.353516
 10.361709   7.578753  -4305.759277
 11.290886   7.584838  -4291.201172
  9.140442   7.590923  -4276.680664
 10.518517   7.597008  -4262.197266
  9.882991   7.603093  -4247.750977
  9.786531   7.609178  -4233.341797
 10.549547   7.615263  -4218.968750
 11.958078   7.621348  -4204.633301
  9.695794   7.627433  -4190.335449
 10.649970   7.633518  -4176.074707
  9.886262   7.639603  -4161.849609
  8.632355   7.645688  -4147.663086
 10.405534   7.651773  -4133.512695
 10.537577   7.657858  -4119.400391
 10.515195   7.663943  -4105.324219
  9.528582   7.670028  -4091.284180
  8.950706   7.676113  -4077.282227
  8.228212   7.682198  -4063.317383
 12.561216   7.688283  -4049.390625
 11.724215   7.694368  -4035.498291
  9.545138   7.700453  -4021.644043
 10.242982   7.706538  -4007.827881
 10.306811   7.712623  -3994.047852
 10.714871   7.718708  -3980.305664
 10.069105   7.724793  -3966.598633
 11.164005   7.730878  -3952.929932
  8.457109   7.736963  -3939.299072
 11.664552   7.743048  -3925.704590
  9.428750   7.749134  -3912.145508
 10.165496   7.755219  -3898.625000
 10.632520   7.761303  -3885.142090
 11.658253   7.767388  -3871.695312
 10.110484   7.773474  -3858.284912
 10.810484   7.779559  -3844.912598
  9.042861   7.785644  -3831.577637
 11.318729   7.791728  -3818.278809
 10.509014   7.797813  -3805.017578
  8.611910   7.803899  -3791.791992
 11.688975   7.809984  -3778.604980
  8.684800   7.816069  -3765.455078
 10.629526   7.822154  -3752.342041
  7.917880   7.828239  -3739.265137
 10.666376   7.834324  -3726.225586
  8.560989   7.840409  -3713.223633
  8.712971   7.846494  -3700.258789
 10.597908   7.852579  -3687.330811
 10.463383   7.858664  -3674.438477
  9.701394   7.864749  -3661.584473
 10.431980   7.870834  -3648.768066
 10.815845   7.876919  -3635.987793
  9.302918   7.883004  -3623.244141
 10.291130   7.889089  -3610.538330
  9.026455   7.895174  -3597.869141
 10.102695   7.901259  -3585.237549
 10.048128   7.907344  -3572.642822
  8.812551   7.913429  -3560.083740
 10.010750   7.919514  -3547.563477
 10.245283   7.925599  -3535.079590
  9.318653   7.931684  -3522.632812
  8.475307   7.937769  -3510.223633
  9.842548   7.943854  -3497.849854
 11.010406   7.949939  -3485.513916
 10.180840   7.956024  -3473.215332
 10.841759   7.962110  -3460.953125
 11.621833   7.968194  -3448.728516
 10.034127   7.974279  -3436.541016
  9.648854   7.980364  -3424.390625
  9.067245   7.986449  -3412.276855
 11.562706   7.992535  -3400.199707
  9.546528   7.998620  -3388.160400
  8.910244   8.004704  -3376.158203
  9.260249   8.010790  -3364.191895
  9.175376   8.016874  -3352.264648
  9.130274   8.022960  -3340.372559
  9.125896   8.029045  -3328.517334
  9.921839   8.035130  -3316.700684
 12.379804   8.041215  -3304.919678
  9.145604   8.047299  -3293.177490
 10.176951   8.053385  -3281.470215
 10.973706   8.059470  -3269.800049
  9.291834   8.065555  -3258.168945
  9.591714   8.071640  -3246.573242
  7.959882   8.077724  -3235.016113
  9.905882   8.083810  -3223.494141
 10.356758   8.089895  -3212.009521
  9.662187   8.095980  -3200.563232
  7.449882   8.102065  -3189.152588
 10.253152   8.108150  -3177.781006
 11.968818   8.114235  -3166.444092
  9.142332   8.120320  -3155.143799
  9.884365   8.126405  -3143.883057
 12.536439   8.132490  -3132.657471
  7.992513   8.138575  -3121.470947
  9.933396   8.144660  -3110.318848
  8.875141   8.150745  -3099.204590
 10.394403   8.156830  -3088.128662
  9.443935   8.162915  -3077.088379
 11.241501   8.169001  -3066.084473
  9.802600   8.175085  -3055.119629
  9.978614   8.181170  -3044.190430
 11.832253   8.187255  -3033.299805
 11.655856   8.193340  -3022.444336
  9.241876   8.199426  -3011.625977
  9.341743   8.205510  -3000.846924
 10.690965   8.211596  -2990.102539
 10.275570   8.217680  -2979.396973
 11.196255   8.223765  -2968.726562
  9.983328   8.229851  -2958.093262
  9.454571   8.235935  -2947.498779
 10.557237   8.242021  -2936.939941
 10.683735   8.248106  -2926.417969
  9.236049   8.254190  -2915.934082
  9.585010   8.260276  -2905.486084
 10.519291   8.266360  -2895.076660
 10.454293   8.272446  -2884.702881
  9.628434   8.278531  -2874.365723
  7.819177   8.284616  -2864.067383
 10.589130   8.290701  -2853.804932
  8.047167   8.296785  -2843.580322
  9.943345   8.302871  -2833.391602
 10.459432   8.308956  -2823.239258
  9.501863   8.315041  -2813.126709
  9.194329   8.321126  -2803.048828
  9.968764   8.327211  -2793.007812
  7.574100   8.333296  -2783.006348
  8.954991   8.339381  -2773.039062
 10.161692   8.345466  -2763.111084
 10.697363   8.351551  -2753.218750
 10.296082   8.357636  -2743.363281
 10.766777   8.363721  -2733.545898
  9.567673   8.369806  -2723.764160
  9.525252   8.375891  -2714.021729
 11.897764   8.381976  -2704.313965
 10.202426   8.388062  -2694.643799
  8.033091   8.394146  -2685.011963
  8.565072   8.400231  -2675.415527
  9.156189   8.406316  -2665.857910
 10.409785   8.412401  -2656.335449
 10.194500   8.418487  -2646.850098
  9.880031   8.424571  -2637.403564
  9.257047   8.430656  -2627.992188
 10.206849   8.436742  -2618.617920
 10.515474   8.442826  -2609.282227
 10.274339   8.448912  -2599.982422
  9.538975   8.454996  -2590.720703
  9.265498   8.461082  -2581.494629
  8.729768   8.467167  -2572.305664
  9.404449   8.473251  -2563.155029
 10.144870   8.479337  -2554.040039
 11.068979   8.485421  -2544.963379
 11.923760   8.491507  -2535.922852
 10.860205   8.497592  -2526.918945
 11.230383   8.503676  -2517.953369
  9.573048   8.509762  -2509.023926
 10.191251   8.515846  -2500.132324
  8.329249   8.521932  -2491.276367
 10.589812   8.528017  -2482.457520
 11.154475   8.534101  -2473.677490
 11.059547   8.540187  -2464.932617
  8.641785   8.546272  -2456.225098
  9.835142   8.552357  -2447.555908
 10.603859   8.558442  -2438.922119
  9.958106   8.564527  -2430.326660
  9.896988   8.570612  -2421.767578
  7.394864   8.576696  -2413.246338
  8.934509   8.582782  -2404.760742
 11.001796   8.588867  -2396.312500
  8.738500   8.594952  -2387.902344
 10.424309   8.601037  -2379.528076
 10.422962   8.607122  -2371.190674
 10.953985   8.613207  -2362.891602
  9.558524   8.619292  -2354.628418
  8.941819   8.625378  -2346.402344
  8.186893   8.631462  -2338.214355
 10.256895   8.637547  -2330.062012
  9.076921   8.643632  -2321.948486
  9.607162   8.649717  -2313.870117
 11.381602   8.655802  -2305.830078
  9.902406   8.661887  -2297.826172
  9.132974   8.667973  -2289.859375
 10.282978   8.674057  -2281.930664
 12.243980   8.680142  -2274.037354
 10.361004   8.686228  -2266.181396
  7.933852   8.692312  -2258.363770
  9.193538   8.698398  -2250.582031
  9.534588   8.704483  -2242.836914
  9.780492   8.710567  -2235.130371
 10.359502   8.716653  -2227.459961
  8.195088   8.722737  -2219.826904
 10.615818   8.728823  -2212.230225
  7.219736   8.734907  -2204.671631
 10.789919   8.740993  -2197.149170
  9.659093   8.747078  -2189.663330
  9.657449   8.753162  -2182.215820
  9.922064   8.759248  -2174.804199
  9.713320   8.765333  -2167.429688
  9.697522   8.771418  -2160.093262
  8.577452   8.777503  -2152.792969
 10.507882   8.783588  -2145.529541
 12.204036   8.789673  -2138.304199
  9.883158   8.795758  -2131.114746
  7.541332   8.801843  -2123.963379
  9.728327   8.807928  -2116.848145
  9.868118   8.814013  -2109.770508
  9.707827   8.820098  -2102.729248
  8.241543   8.826183  -2095.725098
 11.579741   8.832268  -2088.759033
  9.249136   8.838353  -2081.828857
  9.209789   8.844439  -2074.935791
  9.049891   8.850523  -2068.080811
 10.029922   8.856608  -2061.261475
  8.426554   8.862693  -2054.480957
 10.148870   8.868778  -2047.735352
  9.319946   8.874864  -2041.027588
 10.208517   8.880948  -2034.357544
  8.987827   8.887033  -2027.723511
  8.708439   8.893118  -2021.127808
 11.290025   8.899203  -2014.567627
 11.011483   8.905289  -2008.044922
 10.700050   8.911373  -2001.559937
  9.926166   8.917459  -1995.111328
 10.155850   8.923544  -1988.699463
 11.552650   8.929628  -1982.325684
  8.772554   8.935714  -1975.988159
 10.331215   8.941798  -1969.688477
  9.352957   8.947884  -1963.424561
 10.462072   8.953969  -1957.197998
  9.679960   8.960053  -1951.009033
  9.826546   8.966139  -1944.856689
  8.696995   8.972223  -1938.742188
 10.422592   8.978309  -1932.663574
  9.556816   8.984394  -1926.622070
 11.279229   8.990479  -1920.618896
  9.752023   8.996564  -1914.651123
  9.151103   9.002648  -1908.721558
 10.355488   9.008734  -1902.828369
  9.387103   9.014819  -1896.971924
 10.060540   9.020904  -1891.153687
 11.525898   9.026989  -1885.371338
  8.429646   9.033073  -1879.627075
  9.192807   9.039159  -1873.918945
  9.811022   9.045244  -1868.247314
  7.671116   9.051329  -1862.614258
  8.705350   9.057414  -1857.017090
 11.900145   9.063499  -1851.456909
 10.938692   9.069584  -1845.934692
  8.585343   9.075669  -1840.448730
 10.942327   9.081754  -1835.000732
  9.877232   9.087839  -1829.588623
 10.086034   9.093925  -1824.213623
  9.420483   9.100009  -1818.876709
 10.446830   9.106094  -1813.575806
 10.728546   9.112179  -1808.312500
 12.207768   9.118264  -1803.085693
  9.993629   9.124350  -1797.895996
  9.881665   9.130434  -1792.744019
  9.491352   9.136519  -1787.628174
  9.182907   9.142605  -1782.549561
  8.802188   9.148689  -1777.508789
  9.349951   9.154775  -1772.503906
  9.012431   9.160859  -1767.537109
  9.313466   9.166945  -1762.606567
  8.714669   9.173030  -1757.712891
 11.756095   9.179114  -1752.857178
  8.915368   9.185200  -1748.037720
  8.796881   9.191284  -1743.255981
  8.838175   9.197370  -1738.510620
 10.441676   9.203455  -1733.802002
  9.375686   9.209539  -1729.131592
  9.715313   9.215625  -1724.497070
  9.796184   9.221710  -1719.899658
 11.552389   9.227795  -1715.340088
  9.811920   9.233880  -1710.816895
 10.885504   9.239964  -1706.331299
 10.133203   9.246050  -1701.882202
 10.150015   9.252135  -1697.470215
 10.626477   9.258220  -1693.095581
  8.658635   9.264305  -1688.757568
  7.721755   9.270390  -1684.457275
  7.294077   9.276475  -1680.192993
 10.956219   9.282560  -1675.965942
  8.363246   9.288645  -1671.776489
 11.181611   9.294730  -1667.623657
 10.878630   9.300816  -1663.507812
 10.337203   9.306900  -1659.429443
 10.707859   9.312985  -1655.387329
 10.327580   9.319071  -1651.382568
  9.621232   9.325155  -1647.415405
  8.926889   9.331240  -1643.485352
  9.688853   9.337325  -1639.591431
  9.937296   9.343410  -1635.734863
  9.737613   9.349495  -1631.915771
 10.311003   9.355580  -1628.133057
  9.104409   9.361666  -1624.387207
  9.879788   9.367750  -1620.679321
 10.817804   9.373836  -1617.007812
 11.004477   9.379921  -1613.373291
 10.361330   9.386005  -1609.776245
  7.935096   9.392091  -1606.215820
 11.632143   9.398175  -1602.692871
 10.358068   9.404261  -1599.206299
 10.631613   9.410345  -1595.757324
  9.629609   9.416430  -1592.345215
 11.627374   9.422516  -1588.969971
  9.315673   9.428600  -1585.632080
  9.192123   9.434686  -1582.330688
  9.430651   9.440771  -1579.066650
  9.018293   9.446856  -1575.839844
 10.201686   9.452941  -1572.649536
  8.706632   9.459025  -1569.496826
  9.951012   9.465111  -1566.380737
 11.756660   9.471195  -1563.302246
  9.626811   9.477281  -1560.260010
  9.311858   9.483366  -1557.255249
  9.592237   9.489450  -1554.287476
 10.656608   9.495536  -1551.356689
 11.248197   9.501621  -1548.462646
 10.516579   9.507706  -1545.605957
 10.982680   9.513791  -1542.786133
  9.401343   9.519876  -1540.003296
 10.594738   9.525961  -1537.257812
  9.354202   9.532046  -1534.549072
 10.094123   9.538132  -1531.877197
 10.466561   9.544216  -1529.242920
  8.776000   9.550302  -1526.645264
 10.105396   9.556386  -1524.084961
  9.680041   9.562471  -1521.561279
 10.477838   9.568556  -1519.074951
 11.191854   9.574641  -1516.625244
  9.322459   9.580727  -1514.212891
  8.824825   9.586811  -1511.837646
  9.033044   9.592896  -1509.499268
 10.647757   9.598982  -1507.197632
 10.703857   9.605066  -1504.933594
  9.765342   9.611152  -1502.706299
 10.569963   9.617236  -1500.516113
 10.817522   9.623322  -1498.362793
  8.530968   9.629406  -1496.246582
  9.553535   9.635491  -1494.167236
 11.229354   9.641577  -1492.125366
 10.995584   9.647661  -1490.120361
  9.452736   9.653747  -1488.152100
 10.472727   9.659832  -1486.220825
 11.121696   9.665916  -1484.326904
  8.183041   9.672002  -1482.469971
  9.885437   9.678087  -1480.649658
 10.327508   9.684172  -1478.867188
  9.665051   9.690257  -1477.121094
 12.207233   9.696342  -1475.412354
 10.918097   9.702427  -1473.740234
  9.570396   9.708511  -1472.105957
 10.572290   9.714597  -1470.507568
 10.410511   9.720682  -1468.946777
 11.368793   9.726767  -1467.423218
  9.198760   9.732852  -1465.936157
 10.224250   9.738937  -1464.486572
  9.475703   9.745022  -1463.073975
  8.565260   9.751107  -1461.698242
 12.398993   9.757192  -1460.359619
 10.017772   9.763277  -1459.058105
  9.692088   9.769362  -1457.793457
  7.489687   9.775447  -1456.566162
  8.727663   9.781532  -1455.375488
  9.393724   9.787617  -1454.222168
 10.626717   9.793702  -1453.105591
 10.774491   9.799788  -1452.026001
 11.093081   9.805872  -1450.983887
  9.124076   9.811957  -1449.978271
 11.263288   9.818043  -1449.009888
 11.773454   9.824127  -1448.078613
 10.317194   9.830213  -1447.184326
 10.234119   9.836298  -1446.326904
 10.487210   9.842382  -1445.506836
  9.386191   9.848467  -1444.723755
 11.858954   9.854552  -1443.977295
 10.607169   9.860638  -1443.268311
 10.102336   9.866722  -1442.596191
 10.726272   9.872808  -1441.960938
  8.968348   9.878893  -1441.362915
  8.728669   9.884977  -1440.802002
  9.567938   9.891063  -1440.278076
  9.118777   9.897148  -1439.790771
  8.606128   9.903233  -1439.340820
 10.240440   9.909318  -1438.927979
  9.764177   9.915402  -1438.552002
  9.914300   9.921488  -1438.213379
 10.353823   9.927572  -1437.911499
 12.139627   9.933658  -1437.646484
  9.854241   9.939743  -1437.418701
 10.628061   9.945827  -1437.228027
  9.924859   9.951913  -1437.074219
 12.205522   9.957998  -1436.957520
  8.992821   9.964083  -1436.877808
 11.925927   9.970168  -1436.835205
 10.354565   9.976254  -1436.829346
 11.218447   9.982338  -1436.860962
  9.087042   9.988422  -1436.929321
  9.539149   9.994508  -1437.034912
 10.584370  10.000593  -1437.177368
 10.386356  10.006678  -1437.356689
 10.041423  10.012763  -1437.573242
  8.083776  10.018848  -1437.826904
 10.584108  10.024933  -1438.117554
 10.459971  10.031018  -1438.444946
  9.093795  10.037104  -1438.809570
  9.834573  10.043188  -1439.211426
 10.622427  10.049273  -1439.650146
 10.439659  10.055359  -1440.125610
  9.622446  10.061443  -1440.638550
  9.479410  10.067529  -1441.188477
  9.297561  10.073613  -1441.775146
  9.609369  10.079699  -1442.398804
 11.961543  10.085783  -1443.059814
 10.795590  10.091868  -1443.757812
 10.363397  10.097954  -1444.492676
  9.826559  10.104038  -1445.264648
 11.285826  10.110124  -1446.073486
  9.930079  10.116209  -1446.919678
 10.490239  10.122293  -1447.802490
 10.111409  10.128379  -1448.722656
  8.903943  10.134464  -1449.679932
 10.986606  10.140549  -1450.673828
  8.998626  10.146633  -1451.704834
 10.064561  10.152719  -1452.772949
 10.586580  10.158804  -1453.878662
  9.625852  10.164888  -1455.020508
  9.489709  10.170974  -1456.199829
  9.084919  10.177059  -1457.416016
 11.805214  10.183144  -1458.669312
 11.504776  10.189229  -1459.959717
  9.403524  10.195314  -1461.287231
 10.699826  10.201399  -1462.651611
 12.340303  10.207484  -1464.052979
  8.821676  10.213569  -1465.491211
  9.118219  10.219654  -1466.966797
  9.322288  10.225739  -1468.479370
  9.179383  10.231824  -1470.028809
  7.813175  10.237909  -1471.615479
  9.403689  10.243994  -1473.238770
  9.975217  10.250079  -1474.899536
  9.581941  10.256165  -1476.597290
  9.800494  10.262249  -1478.331787
  8.627792  10.268334  -1480.103271
  8.933549  10.274420  -1481.912354
  9.636292  10.280504  -1483.758057
 10.898824  10.286590  -1485.640869
 11.630640  10.292675  -1487.560791
  9.626886  10.298759  -1489.517090
  9.950848  10.304844  -1491.510986
  8.988686  10.310929  -1493.541992
 10.573863  10.317015  -1495.610229
 12.618364  10.323099  -1497.714844
 11.488695  10.329185  -1499.856934
  8.651861  10.335270  -1502.036011
  9.118957  10.341354  -1504.251831
 10.353595  10.347440  -1506.505005
  8.401944  10.353525  -1508.795166
  9.779434  10.359610  -1511.122192
 11.338463  10.365695  -1513.486572
  9.978306  10.371779  -1515.887207
 10.720560  10.377865  -1518.325439
  8.534784  10.383949  -1520.800537
  7.840454  10.390035  -1523.312988
 10.885692  10.396120  -1525.862549
  8.398046  10.402205  -1528.448486
  8.456592  10.408290  -1531.071655
  9.325053  10.414375  -1533.732422
 10.424557  10.420460  -1536.429688
 11.653271  10.426545  -1539.164307
  8.931424  10.432631  -1541.935913
 10.365226  10.438715  -1544.743774
 11.284051  10.444799  -1547.589111
  8.125632  10.450885  -1550.471924
  8.623378  10.456970  -1553.391602
  8.851042  10.463055  -1556.347900
 11.441666  10.469140  -1559.341553
  9.693233  10.475225  -1562.372559
 13.087572  10.481310  -1565.439941
  9.597164  10.487395  -1568.544678
 12.060946  10.493481  -1571.686523
 10.759425  10.499565  -1574.864868
  9.039122  10.505651  -1578.081055
 12.140195  10.511736  -1581.333862
 10.786449  10.517820  -1584.623535
  9.332902  10.523906  -1587.950684
 12.064390  10.529990  -1591.314209
  9.566769  10.536076  -1594.715088
 11.114332  10.542160  -1598.152710
  8.542487  10.548245  -1601.628052
  8.732761  10.554331  -1605.140137
 10.365861  10.560415  -1608.688965
 10.768425  10.566501  -1612.275024
 10.070009  10.572586  -1615.898438
  9.754868  10.578671  -1619.558105
  9.577017  10.584756  -1623.255615
  9.957717  10.590840  -1626.989136
  9.912192  10.596926  -1630.760742
  8.469061  10.603010  -1634.568359
  9.584153  10.609096  -1638.414062
 11.094660  10.615181  -1642.296631
 10.556472  10.621265  -1646.215210
  9.645380  10.627351  -1650.171997
  9.158057  10.633436  -1654.165405
  9.843301  10.639521  -1658.195312
 10.057894  10.645606  -1662.263184
  9.914505  10.651691  -1666.367676
  9.644628  10.657776  -1670.508667
  9.803459  10.663861  -1674.687500
  9.693816  10.669946  -1678.902832
 12.121937  10.676031  -1683.155273
  9.489654  10.682117  -1687.445312
  7.299317  10.688201  -1691.771362
 10.481937  10.694286  -1696.135498
  9.661250  10.700371  -1700.535645
 10.961601  10.706456  -1704.973633
 10.003868  10.712542  -1709.448486
  9.902372  10.718626  -1713.959717
 10.829529  10.724711  -1718.508789
 11.130282  10.730796  -1723.094360
 11.890009  10.736881  -1727.717041
  9.409552  10.742967  -1732.377441
  9.471972  10.749051  -1737.073608
 10.940787  10.755136  -1741.807861
  9.835753  10.761221  -1746.578491
 10.520314  10.767306  -1751.386597
 10.361561  10.773392  -1756.231934
  9.887130  10.779476  -1761.113525
  8.402891  10.785562  -1766.032715
 11.203882  10.791647  -1770.989014
 10.961432  10.797731  -1775.981812
 12.678461  10.803817  -1781.012207
 11.183877  10.809902  -1786.079712
 11.816927  10.815987  -1791.183350
 10.751595  10.822072  -1796.324707
  9.448892  10.828156  -1801.502686
  8.345968  10.834242  -1806.718018
 10.582317  10.840326  -1811.969971
 10.110968  10.846412  -1817.259521
 10.346215  10.852497  -1822.585938
  9.588207  10.858582  -1827.948975
 11.108577  10.864667  -1833.349731
  9.819959  10.870752  -1838.787598
 10.808780  10.876837  -1844.261475
  9.668178  10.882922  -1849.773193
 10.938255  10.889007  -1855.320923
  8.749367  10.895092  -1860.906982
 10.600235  10.901176  -1866.529053
 11.561731  10.907262  -1872.188843
  9.488253  10.913347  -1877.885986
 10.591135  10.919432  -1883.618896
 10.808603  10.925517  -1889.389893
 10.164454  10.931602  -1895.197998
  9.994349  10.937687  -1901.042236
  8.905318  10.943772  -1906.924438
  9.042455  10.949858  -1912.843628
  9.886251  10.955942  -1918.798706
  9.098454  10.962027  -1924.791016
  8.959823  10.968113  -1930.822144
  9.500972  10.974197  -1936.888672
  8.422692  10.980282  -1942.991821
  9.477089  10.986367  -1949.133179
  9.419261  10.992453  -1955.311523
  9.817876  10.998537  -1961.525879
 11.060040  11.004622  -1967.778320
 10.716030  11.010708  -1974.067627
  9.686893  11.016792  -1980.393066
  9.948235  11.022878  -1986.756714
  9.370927  11.028963  -1993.156982
 10.838053  11.035048  -1999.593750
  8.607080  11.041133  -2006.068115
 10.015908  11.047217  -2012.578857
  9.324524  11.053303  -2019.127441
 10.124975  11.059387  -2025.712158
  8.388888  11.065473  -2032.334839
 12.585005  11.071558  -2038.994385
  9.542760  11.077642  -2045.690186
  9.012663  11.083728  -2052.423828
 10.473096  11.089813  -2059.194824
 10.212855  11.095898  -2066.001709
  9.493319  11.101983  -2072.846680
  8.738886  11.108068  -2079.728027
 11.131389  11.114153  -2086.646240
  9.833385  11.120237  -2093.601074
 10.341996  11.126323  -2100.594238
 10.416512  11.132408  -2107.624268
  9.435826  11.138493  -2114.690186
  9.275743  11.144578  -2121.794434
 10.139790  11.150663  -2128.935303
 10.962559  11.156748  -2136.112305
  9.810317  11.162833  -2143.327637
  9.980525  11.168919  -2150.579590
  7.510380  11.175003  -2157.867920
 10.143941  11.181088  -2165.194336
  9.155606  11.187173  -2172.556152
  8.497266  11.193258  -2179.956543
 10.691730  11.199344  -2187.394043
 10.365045  11.205428  -2194.867188
  8.846506  11.211514  -2202.378418
 10.259331  11.217598  -2209.925781
  8.886905  11.223683  -2217.511230
  8.989246  11.229769  -2225.133789
  9.007949  11.235853  -2232.792236
 11.602296  11.241939  -2240.488525
 10.889109  11.248024  -2248.222412
 10.116168  11.254108  -2255.991699
 10.139677  11.260193  -2263.797852
  9.221885  11.266279  -2271.644043
 10.347815  11.272364  -2279.524414
 10.315445  11.278448  -2287.441895
  8.779447  11.284534  -2295.398926
 10.692461  11.290619  -2303.390381
 10.899686  11.296703  -2311.418945
  9.684340  11.302789  -2319.486084
 10.776376  11.308874  -2327.590088
 10.287710  11.314959  -2335.729248
  9.713061  11.321044  -2343.907471
 10.185259  11.327129  -2352.122559
 10.192094  11.333214  -2360.373535
 11.158095  11.339298  -2368.660889
 11.321013  11.345385  -2376.988525
  8.390388  11.351469  -2385.350098
 10.444032  11.357553  -2393.749023
  8.034098  11.363640  -2402.187500
 11.612905  11.369724  -2410.660156
  9.889074  11.375809  -2419.170410
  9.225777  11.381894  -2427.718262
  8.997643  11.387980  -2436.303467
  9.268610  11.394064  -2444.924561
  8.836406  11.400149  -2453.583984
  9.848351  11.406235  -2462.280518
 11.457397  11.412319  -2471.012207
 11.242633  11.418405  -2479.782715
  8.090857  11.424489  -2488.588867
  8.971992  11.430574  -2497.433594
  9.471404  11.436659  -2506.313477
 10.475453  11.442744  -2515.231934
 11.301382  11.448830  -2524.187500
  8.791893  11.454914  -2533.178711
 10.556894  11.460999  -2542.208496
  9.826427  11.467085  -2551.274902
  9.625363  11.473169  -2560.377441
 10.481335  11.479254  -2569.516602
  8.980933  11.485340  -2578.696045
 10.055886  11.491425  -2587.909180
 11.205462  11.497509  -2597.159180
  9.590472  11.503594  -2606.448486
 11.398375  11.509680  -2615.773926
  8.340628  11.515764  -2625.135742
 10.232636  11.521850  -2634.535645
  9.114999  11.527935  -2643.972900
  9.426874  11.534019  -2653.445068
  8.601782  11.540105  -2662.956055
 10.240861  11.546190  -2672.503906
 10.086036  11.552275  -2682.087891
  9.980497  11.558359  -2691.708008
  9.571354  11.564445  -2701.368652
 10.354322  11.570530  -2711.063965
  9.861305  11.576614  -2720.795410
  9.697541  11.582701  -2730.566895
 11.208826  11.588785  -2740.372803
 11.859701  11.594870  -2750.215576
 11.244439  11.600955  -2760.097168
 12.164450  11.607040  -2770.015381
  8.602472  11.613125  -2779.969238
 10.642556  11.619210  -2789.961426
  9.769533  11.625295  -2799.989746
  9.925484  11.631380  -2810.055908
 10.223484  11.637465  -2820.159424
  9.491032  11.643550  -2830.298340
  9.856999  11.649635  -2840.476074
 12.354190  11.655720  -2850.688965
  9.918837  11.661805  -2860.940430
  8.984525  11.667891  -2871.229004
 11.822652  11.673975  -2881.553223
 10.937659  11.680059  -2891.914062
  9.926193  11.686146  -2902.315918
  9.498082  11.692230  -2912.750488
  9.907331  11.698315  -2923.222900
 10.854089  11.704401  -2933.735352
  9.615050  11.710485  -2944.281494
  9.335596  11.716571  -2954.866699
  9.832389  11.722655  -2965.486816
 11.014137  11.728741  -2976.145996
 10.447674  11.734825  -2986.840332
 10.333270  11.740911  -2997.572998
 10.187098  11.746996  -3008.343262
 11.697192  11.753080  -3019.148438
  9.810069  11.759166  -3029.992432
  9.839931  11.765251  -3040.873535
 11.467014  11.771336  -3051.790039
 10.618423  11.777420  -3062.743164
  9.068974  11.783506  -3073.737793
  9.048806  11.789591  -3084.765137
 10.552984  11.795675  -3095.829834
 11.583406  11.801762  -3106.934570
 11.837575  11.807846  -3118.072998
 11.154010  11.813931  -3129.248779
  9.510182  11.820016  -3140.463135
 10.267241  11.826101  -3151.714600
  9.980234  11.832186  -3163.001465
  8.772558  11.838271  -3174.326660
  9.873050  11.844357  -3185.689209
 10.620317  11.850441  -3197.086914
 11.743469  11.856526  -3208.523926
  9.718857  11.862612  -3219.997070
 10.206346  11.868696  -3231.505859
 10.273365  11.874781  -3243.051758
  9.212112  11.880867  -3254.638184
  9.651103  11.886951  -3266.258057
 10.386361  11.893036  -3277.914551
 10.960681  11.899121  -3289.611328
  8.980595  11.905207  -3301.343750
  9.592545  11.911291  -3313.111572
  9.134686  11.917377  -3324.918945
  9.925377  11.923462  -3336.762207
  8.318134  11.929546  -3348.641602
  9.683956  11.935632  -3360.559570
 10.836532  11.941716  -3372.512939
  9.968047  11.947802  -3384.504883
 10.484097  11.953886  -3396.531982
  9.909388  11.959971  -3408.598145
  8.527224  11.966057  -3420.700684
  8.618828  11.972141  -3432.839355
  9.714658  11.978227  -3445.016602
 11.541203  11.984312  -3457.230469
  9.186801  11.990396  -3469.479980
 10.724992  11.996481  -3481.766113
 11.594419  12.002567  -3494.093506
 10.972215  12.008652  -3506.454102
  8.803451  12.014736  -3518.851562
  9.846254  12.020822  -3531.288086
  9.858299  12.026907  -3543.761230
  9.962070  12.032991  -3556.269287
  9.921372  12.039077  -3568.817383
  9.666466  12.045162  -3581.401367
  8.794624  12.051247  -3594.020508
  9.481347  12.057332  -3606.679688
 11.976918  12.063417  -3619.375000
  9.503912  12.069502  -3632.105957
  9.346891  12.075586  -3644.873047
 10.895063  12.081673  -3657.681885
  9.061462  12.087757  -3670.523926
  9.633581  12.093842  -3683.402344
 10.282230  12.099928  -3696.322510
  9.888266  12.106012  -3709.275635
  9.980958  12.112097  -3722.264893
  9.885221  12.118182  -3735.293945
 11.504375  12.124268  -3748.359863
  9.802309  12.130352  -3761.460693
  7.256468  12.136437  -3774.600342
  9.158111  12.142523  -3787.777344
 10.155825  12.148607  -3800.989258
 10.021450  12.154693  -3814.240234
 10.884378  12.160778  -3827.528809
 10.190042  12.166862  -3840.851074
 11.306111  12.172947  -3854.211914
 11.357474  12.179033  -3867.612793
 10.663067  12.185118  -3881.046631
  8.376929  12.191202  -3894.517578
  8.551897  12.197288  -3908.027832
  9.554004  12.203373  -3921.575439
 10.391950  12.209457  -3935.157715
  8.985376  12.215543  -3948.778809
  9.771127  12.221628  -3962.437256
 10.346006  12.227713  -3976.130859
 10.251636  12.233798  -3989.862793
  8.731933  12.239882  -4003.629883
 10.358704  12.245968  -4017.436523
  9.737005  12.252052  -4031.278076
 10.402224  12.258138  -4045.158691
 10.274571  12.264223  -4059.076172
  9.646231  12.270308  -4073.028320
 11.352757  12.276393  -4087.020020
  9.973491  12.282478  -4101.048828
 10.182012  12.288563  -4115.112305
  9.087461  12.294647  -4129.212891
 10.730492  12.300734  -4143.354492
  9.345918  12.306818  -4157.529297
 10.031610  12.312902  -4171.741211
  9.748499  12.318989  -4185.994141
 10.036504  12.325073  -4200.279297
  9.655916  12.331158  -4214.601562
  8.650524  12.337243  -4228.964355
  8.695590  12.343328  -4243.363770
 10.823375  12.349413  -4257.796875
  9.232235  12.355498  -4272.269531
  9.532244  12.361584  -4286.779785
 11.378321  12.367668  -4301.324707
  7.705672  12.373754  -4315.909180
 10.131906  12.379839  -4330.530273
 10.373604  12.385923  -4345.186035
 10.880026  12.392008  -4359.878418
 11.617636  12.398094  -4374.613281
 10.145170  12.404179  -4389.379883
 10.774600  12.410263  -4404.184570
  9.816230  12.416348  -4419.027344
  9.269067  12.422434  -4433.908203
 10.090590  12.428518  -4448.823242
 10.062960  12.434604  -4463.776855
  9.588944  12.440689  -4478.768555
  9.468662  12.446774  -4493.794434
 10.371793  12.452859  -4508.860352
 10.218161  12.458943  -4523.960938
  9.541755  12.465029  -4539.100098
 10.433496  12.471113  -4554.274414
  9.592342  12.477199  -4569.487305
  9.193920  12.483284  -4584.738281
 10.774753  12.489368  -4600.023438
 12.815948  12.495455  -4615.350586
 10.271877  12.501539  -4630.709961
  9.786836  12.507624  -4646.106934
 11.821671  12.513709  -4661.541992
 11.010711  12.519794  -4677.015137
  9.408085  12.525879  -4692.522461
 10.796180  12.531964  -4708.069336
 10.160078  12.538049  -4723.650391
 11.319462  12.544134  -4739.271484
  9.725259  12.550220  -4754.929688
  8.451781  12.556304  -4770.622070
  9.732723  12.562389  -4786.354492
  8.853619  12.568474  -4802.121094
  9.745814  12.574559  -4817.927246
  8.875816  12.580645  -4833.770508
  9.070004  12.586729  -4849.647949
 10.987057  12.592813  -4865.562012
 10.191318  12.598900  -4881.518555
  9.026305  12.604984  -4897.507812
 10.059001  12.611069  -4913.533203
 11.062342  12.617155  -4929.601074
  9.545757  12.623240  -4945.701172
 11.050117  12.629324  -4961.837891
 10.092230  12.635409  -4978.014648
  9.924450  12.641495  -4994.228516
 10.259355  12.647579  -5010.476562
 10.669012  12.653665  -5026.763184
 11.886305  12.659750  -5043.087891
  9.298684  12.665834  -5059.446289
 10.002304  12.671920  -5075.845215
 10.628927  12.678005  -5092.281250
 10.278003  12.684090  -5108.750977
  9.244085  12.690174  -5125.257812
  9.908320  12.696260  -5141.807617
  9.379057  12.702345  -5158.388672
 10.040007  12.708429  -5175.006836
 10.821657  12.714516  -5191.666992
  8.511115  12.720600  -5208.359375
  9.945251  12.726685  -5225.088867
  9.937808  12.732770  -5241.857422
 10.182118  12.738855  -5258.663086
  9.924990  12.744940  -5275.502930
 13.298677  12.751025  -5292.383789
  9.309952  12.757110  -5309.297852
 11.262571  12.763195  -5326.251953
  9.788567  12.769279  -5343.239258
  8.879864  12.775365  -5360.268555
  9.890426  12.781450  -5377.333496
 10.699656  12.787535  -5394.432617
  9.859113  12.793620  -5411.571777
  8.337718  12.799706  -5428.748047
 11.105659  12.805790  -5445.958008
 10.698234  12.811874  -5463.206055
  8.700070  12.817961  -5480.496094
 10.633314  12.824045  -5497.817383
 10.738487  12.830130  -5515.176758
 10.112771  12.836216  -5532.577637
  8.309731  12.842300  -5550.010254
  9.581837  12.848385  -5567.479492
 10.998372  12.854470  -5584.989258
  7.607920  12.860556  -5602.536133
 12.110399  12.866640  -5620.117188
 10.743325  12.872725  -5637.737305
  8.978388  12.878811  -5655.394531
  9.779869  12.884895  -5673.086914
 11.129352  12.890981  -5690.818359
  8.886581  12.897066  -5708.586426
  9.861133  12.903151  -5726.389160
  8.892508  12.909235  -5744.229492
  8.530279  12.915321  -5762.111816
  9.979157  12.921406  -5780.026367
 10.863568  12.927490  -5797.977051
  9.089849  12.933576  -5815.968262
 10.149231  12.939661  -5833.996094
 10.685859  12.945745  -5852.058105
 10.825129  12.951831  -5870.160156
  9.350071  12.957916  -5888.298340
  9.552687  12.964001  -5906.471680
  9.647655  12.970086  -5924.685059
 10.389721  12.976171  -5942.934570
 10.099682  12.982256  -5961.219727
  9.660892  12.988340  -5979.540527
  8.474464  12.994427  -5997.904297
 11.430003  13.000511  -6016.299805
  8.244315  13.006596  -6034.732422
  9.122312  13.012682  -6053.207031
  9.335464  13.018766  -6071.713867
 10.142632  13.024851  -6090.256836
  8.716882  13.030936  -6108.840820
  8.985257  13.037022  -6127.460938
  9.207203  13.043106  -6146.114258
 11.231322  13.049191  -6164.810059
  9.408543  13.055276  -6183.538086
  9.624685  13.061361  -6202.306152
  9.705606  13.067447  -6221.112305
 10.546644  13.073531  -6239.951660
 11.149986  13.079617  -6258.831543
 10.316918  13.085701  -6277.744141
  9.333668  13.091786  -6296.698730
  9.498419  13.097872  -6315.688965
  9.577432  13.103956  -6334.712891
  8.654291  13.110041  -6353.775391
 10.197359  13.116127  -6372.879883
  8.315961  13.122211  -6392.015625
  8.546051  13.128296  -6411.187500
 11.426563  13.134382  -6430.404297
 10.150015  13.140467  -6449.651367
 11.259919  13.146551  -6468.935059
 11.382190  13.152637  -6488.259277
  9.632000  13.158722  -6507.619141
 10.369431  13.164806  -6527.014648
  9.549010  13.170892  -6546.451172
 10.651812  13.176977  -6565.921875
  9.214433  13.183062  -6585.427734
  7.383109  13.189147  -6604.975098
  9.652855  13.195232  -6624.558594
  9.493249  13.201317  -6644.174805
  7.852292  13.207401  -6663.827637
  9.235144  13.213488  -6683.526367
 11.128981  13.219572  -6703.253906
  7.451792  13.225657  -6723.019043
 10.385833  13.231743  -6742.829102
 11.086587  13.237827  -6762.666992
  9.831396  13.243912  -6782.542969
 10.184178  13.249997  -6802.459961
  7.382840  13.256083  -6822.414062
 11.525655  13.262167  -6842.400391
  9.946350  13.268252  -6862.426758
 11.658088  13.274338  -6882.492188
 10.428619  13.280422  -6902.590332
  8.400249  13.286508  -6922.729492
  9.114626  13.292593  -6942.904297
 10.064111  13.298677  -6963.113770
