  4.974137   -182.690002
  4.994171   -181.318451
  5.014205   -179.952347
  5.034239   -178.591782
  5.054274   -177.236618
  5.074308   -175.886948
  5.094342   -174.542755
  5.114376   -173.204086
  5.134410   -171.870865
  5.154445   -170.543121
  5.174479   -169.220871
  5.194513   -167.904053
  5.214547   -166.592804
  5.234581   -165.286987
  5.254616   -163.986649
  5.274650   -162.691757
  5.294684   -161.402374
  5.314718   -160.118500
  5.334753   -158.840042
  5.354787   -157.567108
  5.374821   -156.299652
  5.394855   -155.037643
  5.414889   -153.781158
  5.434924   -152.530121
  5.454958   -151.284576
  5.474992   -150.044525
  5.495026   -148.809937
  5.515060   -147.580841
  5.535095   -146.357178
  5.555129   -145.139038
  5.575163   -143.926392
  5.595197   -142.719177
  5.615232   -141.517487
  5.635266   -140.321213
  5.655300   -139.130463
  5.675334   -137.945221
  5.695368   -136.765427
  5.715403   -135.591080
  5.735437   -134.422241
  5.755471   -133.258881
  5.775505   -132.101013
  5.795539   -130.948624
  5.815574   -129.801697
  5.835608   -128.660278
  5.855642   -127.524300
  5.875676   -126.393837
  5.895710   -125.268837
  5.915745   -124.149292
  5.935779   -123.035263
  5.955813   -121.926674
  5.975847   -120.823616
  5.995882   -119.726028
  6.015916   -118.633873
  6.035950   -117.547256
  6.055984   -116.466057
  6.076018   -115.390396
  6.096053   -114.320160
  6.116087   -113.255447
  6.136121   -112.196213
  6.156155   -111.142426
  6.176189   -110.094131
  6.196224   -109.051315
  6.216258   -108.013992
  6.236292   -106.982140
  6.256326   -105.955765
  6.276361   -104.934868
  6.296395   -103.919456
  6.316429   -102.909500
  6.336463   -101.905060
  6.356497   -100.906097
  6.376532    -99.912598
  6.396566    -98.924553
  6.416600    -97.942009
  6.436634    -96.964981
  6.456668    -95.993408
  6.476703    -95.027283
  6.496737    -94.066681
  6.516771    -93.111511
  6.536805    -92.161858
  6.556839    -91.217682
  6.576874    -90.278984
  6.596908    -89.345764
  6.616942    -88.417992
  6.636976    -87.495743
  6.657011    -86.578964
  6.677045    -85.667664
  6.697079    -84.761841
  6.717113    -83.861465
  6.737147    -82.966614
  6.757182    -82.077225
  6.777216    -81.193298
  6.797250    -80.314896
  6.817284    -79.441925
  6.837318    -78.574463
  6.857353    -77.712448
  6.877387    -76.855934
  6.897421    -76.004936
  6.917455    -75.159363
  6.937490    -74.319267
  6.957524    -73.484680
  6.977558    -72.655563
  6.997592    -71.831940
  7.017626    -71.013779
  7.037661    -70.201088
  7.057694    -69.393898
  7.077729    -68.592148
  7.097763    -67.795944
  7.117798    -67.005157
  7.137832    -66.219879
  7.157866    -65.440063
  7.177900    -64.665741
  7.197934    -63.896938
  7.217968    -63.133549
  7.238003    -62.375671
  7.258037    -61.623268
  7.278071    -60.876320
  7.298105    -60.134888
  7.318140    -59.398926
  7.338174    -58.668442
  7.358208    -57.943417
  7.378242    -57.223892
  7.398276    -56.509842
  7.418311    -55.801277
  7.438345    -55.098186
  7.458379    -54.400566
  7.478414    -53.708412
  7.498447    -53.021786
  7.518482    -52.340614
  7.538516    -51.664902
  7.558550    -50.994698
  7.578584    -50.329960
  7.598619    -49.670692
  7.618652    -49.016941
  7.638687    -48.368622
  7.658721    -47.725807
  7.678755    -47.088455
  7.698790    -46.456596
  7.718824    -45.830223
  7.738858    -45.209324
  7.758892    -44.593910
  7.778926    -43.983948
  7.798961    -43.379486
  7.818995    -42.780518
  7.839029    -42.186993
  7.859063    -41.598991
  7.879097    -41.016430
  7.899132    -40.439350
  7.919166    -39.867783
  7.939200    -39.301682
  7.959234    -38.741055
  7.979269    -38.185890
  7.999303    -37.636211
  8.019337    -37.092041
  8.039371    -36.553310
  8.059405    -36.020088
  8.079439    -35.492340
  8.099474    -34.970051
  8.119508    -34.453262
  8.139542    -33.941971
  8.159576    -33.436119
  8.179610    -32.935768
  8.199645    -32.440880
  8.219679    -31.951481
  8.239714    -31.467550
  8.259748    -30.989136
  8.279781    -30.516182
  8.299816    -30.048687
  8.319850    -29.586693
  8.339884    -29.130177
  8.359919    -28.679121
  8.379952    -28.233574
  8.399987    -27.793480
  8.420021    -27.358883
  8.440056    -26.929733
  8.460090    -26.506104
  8.480124    -26.087952
  8.500158    -25.675255
  8.520192    -25.268044
  8.540226    -24.866329
  8.560261    -24.470070
  8.580295    -24.079306
  8.600329    -23.694004
  8.620363    -23.314198
  8.640398    -22.939857
  8.660432    -22.571007
  8.680466    -22.207651
  8.700500    -21.849749
  8.720534    -21.497337
  8.740568    -21.150406
  8.760603    -20.808941
  8.780637    -20.472980
  8.800671    -20.142487
  8.820705    -19.817461
  8.840740    -19.497915
  8.860774    -19.183861
  8.880808    -18.875286
  8.900843    -18.572178
  8.920877    -18.274569
  8.940910    -17.982422
  8.960945    -17.695759
  8.980979    -17.414581
  9.001013    -17.138887
  9.021048    -16.868656
  9.041081    -16.603909
  9.061115    -16.344654
  9.081150    -16.090862
  9.101185    -15.842547
  9.121218    -15.599733
  9.141253    -15.362380
  9.161287    -15.130505
  9.181321    -14.904119
  9.201355    -14.683218
  9.221390    -14.467782
  9.241424    -14.257833
  9.261458    -14.053355
  9.281492    -13.854364
  9.301527    -13.660846
  9.321561    -13.472822
  9.341595    -13.290270
  9.361629    -13.113191
  9.381663    -12.941597
  9.401697    -12.775483
  9.421732    -12.614841
  9.441766    -12.459690
  9.461800    -12.310014
  9.481834    -12.165808
  9.501869    -12.027087
  9.521902    -11.893858
  9.541937    -11.766093
  9.561972    -11.643808
  9.582006    -11.527004
  9.602039    -11.415687
  9.622074    -11.309839
  9.642108    -11.209477
  9.662142    -11.114594
  9.682177    -11.025187
  9.702210    -10.941261
  9.722244    -10.862820
  9.742279    -10.789850
  9.762313    -10.722362
  9.782347    -10.660354
  9.802382    -10.603824
  9.822416    -10.552772
  9.842451    -10.507200
  9.862484    -10.467113
  9.882519    -10.432500
  9.902554    -10.403367
  9.922587    -10.379714
  9.942621    -10.361541
  9.962656    -10.348846
  9.982690    -10.341631
 10.002724    -10.339896
 10.022758    -10.343640
 10.042792    -10.352862
 10.062826    -10.367565
 10.082861    -10.387747
 10.102895    -10.413408
 10.122929    -10.444547
 10.142963    -10.481168
 10.162998    -10.523269
 10.183031    -10.570845
 10.203066    -10.623903
 10.223101    -10.682443
 10.243134    -10.746458
 10.263168    -10.815954
 10.283203    -10.890928
 10.303237    -10.971382
 10.323271    -11.057313
 10.343306    -11.148731
 10.363339    -11.245623
 10.383373    -11.347990
 10.403408    -11.455845
 10.423443    -11.569179
 10.443477    -11.687987
 10.463511    -11.812275
 10.483545    -11.942043
 10.503579    -12.077290
 10.523613    -12.218019
 10.543648    -12.364226
 10.563683    -12.515922
 10.583715    -12.673076
 10.603750    -12.835720
 10.623785    -13.003855
 10.643819    -13.177448
 10.663853    -13.356531
 10.683887    -13.541101
 10.703921    -13.731132
 10.723955    -13.926655
 10.743990    -14.127663
 10.764024    -14.334132
 10.784058    -14.546088
 10.804092    -14.763525
 10.824126    -14.986447
 10.844160    -15.214845
 10.864195    -15.448721
 10.884230    -15.688089
 10.904263    -15.932902
 10.924297    -16.183224
 10.944332    -16.439026
 10.964367    -16.700306
 10.984400    -16.967033
 11.004435    -17.239283
 11.024469    -17.516994
 11.044503    -17.800182
 11.064537    -18.088856
 11.084572    -18.383007
 11.104606    -18.682632
 11.124640    -18.987738
 11.144674    -19.298325
 11.164708    -19.614393
 11.184742    -19.935936
 11.204777    -20.262960
 11.224811    -20.595463
 11.244844    -20.933441
 11.264879    -21.276917
 11.284914    -21.625868
 11.304947    -21.980247
 11.324982    -22.340172
 11.345016    -22.705574
 11.365050    -23.076416
 11.385084    -23.452755
 11.405119    -23.834574
 11.425153    -24.221863
 11.445187    -24.614635
 11.465221    -25.012905
 11.485255    -25.416637
 11.505289    -25.825844
 11.525324    -26.240540
 11.545359    -26.660738
 11.565392    -27.086390
 11.585426    -27.517506
 11.605461    -27.954142
 11.625495    -28.396202
 11.645529    -28.843771
 11.665564    -29.296848
 11.685598    -29.755377
 11.705631    -30.219357
 11.725666    -30.688873
 11.745701    -31.163837
 11.765735    -31.644283
 11.785769    -32.130203
 11.805803    -32.621620
 11.825837    -33.118504
 11.845871    -33.620857
 11.865906    -34.128704
 11.885940    -34.642021
 11.905973    -35.160805
 11.926008    -35.685116
 11.946042    -36.214867
 11.966076    -36.750084
 11.986111    -37.290821
 12.006145    -37.837036
 12.026178    -38.388664
 12.046213    -38.945854
 12.066248    -39.508492
 12.086282    -40.076607
 12.106316    -40.650211
 12.126350    -41.229290
 12.146385    -41.813873
 12.166419    -42.403870
 12.186453    -42.999378
 12.206488    -43.600403
 12.226521    -44.206848
 12.246555    -44.818790
 12.266590    -45.436256
 12.286624    -46.059128
 12.306658    -46.687527
 12.326693    -47.321415
 12.346726    -47.960732
 12.366760    -48.605553
 12.386795    -49.255859
 12.406830    -49.911682
 12.426863    -50.572922
 12.446898    -51.239666
 12.466932    -51.911922
 12.486966    -52.589615
 12.507000    -53.272770
 12.527035    -53.961449
 12.547069    -54.655602
 12.567102    -55.355175
 12.587137    -56.060314
 12.607171    -56.770889
 12.627205    -57.486923
 12.647240    -58.208496
 12.667274    -58.935520
 12.687308    -59.668007
 12.707342    -60.405975
 12.727377    -61.149433
 12.747411    -61.898373
 12.767445    -62.652779
 12.787479    -63.412674
 12.807514    -64.178085
 12.827547    -64.948906
 12.847582    -65.725212
 12.867617    -66.507095
 12.887650    -67.294357
 12.907684    -68.087082
 12.927719    -68.885406
 12.947753    -69.689056
 12.967787    -70.498276
 12.987822    -71.312996
 13.007856    -72.133179
 13.027889    -72.958786
 13.047924    -73.789886
 13.067959    -74.626556
 13.087992    -75.468590
 13.108027    -76.316132
 13.128061    -77.169250
 13.148094    -78.027679
 13.168129    -78.891708
 13.188164    -79.761208
 13.208199    -80.636200
 13.228231    -81.516594
 13.248266    -82.402542
 13.268299    -83.293877
 13.288334    -84.190781
 13.308369    -85.093170
 13.328403    -86.001022
 13.348436    -86.914246
 13.368471    -87.833115
 13.388506    -88.757370
 13.408541    -89.687202
 13.428574    -90.622391
 13.448608    -91.563080
 13.468641    -92.509224
 13.488676    -93.460915
 13.508711    -94.418098
 13.528746    -95.380753
 13.548780    -96.348885
 13.568813    -97.322418
 13.588848    -98.301460
 13.608881    -99.285942
 13.628916   -100.276062
 13.648951   -101.271530
 13.668985   -102.272606
 13.689018   -103.278969
 13.709053   -104.290939
 13.729088   -105.308395
 13.749121   -106.331253
 13.769156   -107.359657
 13.789190   -108.393555
 13.809223   -109.432816
 13.829258   -110.477669
 13.849293   -111.528000
 13.869328   -112.583801
 13.889360   -113.644958
 13.909395   -114.711784
 13.929428   -115.783943
 13.949463   -116.861603
 13.969498   -117.944809
 13.989532   -119.033493
 14.009565   -120.127586
 14.029600   -121.227234
 14.049635   -122.332352
 14.069668   -123.442871
 14.089703   -124.558884
 14.109737   -125.680511
 14.129772   -126.807495
 14.149805   -127.939903
 14.169840   -129.077972
 14.189875   -130.221375
 14.209909   -131.370422
 14.229942   -132.524704
 14.249977   -133.684631
 14.270010   -134.849930
 14.290045   -136.020813
 14.310080   -137.197174
 14.330114   -138.378998
 14.350147   -139.566208
 14.370182   -140.759003
 14.390215   -141.957123
 14.410250   -143.160950
 14.430285   -144.370117
 14.450319   -145.584900
 14.470352   -146.804932
 14.490387   -148.030594
 14.510422   -149.261810
 14.530457   -150.498383
 14.550489   -151.740387
 14.570524   -152.987991
 14.590557   -154.240891
 14.610592   -155.499512
 14.630627   -156.763458
 14.650661   -158.033051
 14.670696   -159.307953
 14.690729   -160.588318
 14.710764   -161.874344
 14.730797   -163.165588
 14.750832   -164.462509
 14.770866   -165.764877
 14.790901   -167.072754
 14.810934   -168.386002
 14.830969   -169.704819
 14.851004   -171.029129
 14.871038   -172.358917
 14.891071   -173.694061
 14.911106   -175.034805
 14.931139   -176.380844
 14.951174   -177.732620
 14.971209   -179.089737
 14.991243   -180.452469
 15.011276   -181.820496
 15.031311   -183.194031
 15.051344   -184.573029
 15.071379   -185.957611
 15.091413   -187.347672
 15.111448   -188.743210
 15.131481   -190.144043
 15.151516   -191.550613
 15.171551   -192.962509
 15.191586   -194.380035
 15.211618   -195.802856
 15.231653   -197.231171
 15.251688   -198.665161
 15.271721   -200.104340
 15.291756   -201.549194
 15.311790   -202.999527
 15.331825   -204.455338
 15.351858   -205.916534
 15.371893   -207.383301
 15.391926   -208.855408
 15.411961   -210.333130
 15.431995   -211.816345
 15.452030   -213.305038
 15.472063   -214.799011
 15.492098   -216.298737
 15.512133   -217.803772
 15.532166   -219.314240
 15.552200   -220.830353
 15.572235   -222.351913
 15.592268   -223.878845
 15.612303   -225.411377
 15.632338   -226.949387
 15.652372   -228.492874
 15.672405   -230.041626
 15.692440   -231.596161
 15.712473   -233.155945
 15.732508   -234.721237
 15.752542   -236.292206
 15.772577   -237.868469
 15.792610   -239.450226
 15.812645   -241.037537
 15.832680   -242.630325
 15.852713   -244.228485
 15.872747   -245.832245
 15.892782   -247.441467
 15.912817   -249.056213
 15.932850   -250.676239
 15.952885   -252.301926
 15.972919   -253.933075
 15.992954   -255.569702
 16.012987   -257.211609
 16.033022   -258.859314
 16.053055   -260.512146
 16.073090   -262.170715
 16.093124   -263.834839
 16.113159   -265.504242
 16.133192   -267.179108
 16.153227   -268.859589
 16.173260   -270.545319
 16.193295   -272.236816
 16.213329   -273.933655
 16.233364   -275.636139
 16.253397   -277.343872
 16.273432   -279.057098
 16.293467   -280.776031
 16.313501   -282.500244
 16.333534   -284.229889
 16.353569   -285.965149
 16.373604   -287.705902
 16.393637   -289.451965
 16.413671   -291.203705
 16.433706   -292.960876
 16.453741   -294.723541
 16.473774   -296.491516
 16.493809   -298.265167
 16.513842   -300.044037
 16.533876   -301.828705
 16.553911   -303.618683
 16.573946   -305.414307
 16.593979   -307.215179
 16.614014   -309.021576
 16.634048   -310.833557
 16.654081   -312.650879
 16.674116   -314.473816
 16.694151   -316.302246
 16.714184   -318.135895
 16.734219   -319.975372
 16.754253   -321.820129
 16.774288   -323.670593
 16.794321   -325.526215
 16.814356   -327.387390
 16.834389   -329.254059
 16.854424   -331.126282
 16.874458   -333.004059
 16.894493   -334.887238
 16.914526   -336.775787
 16.934561   -338.669952
 16.954596   -340.569580
 16.974628   -342.474548
 16.994663   -344.385193
 17.014698   -346.301270
 17.034733   -348.222839
 17.054766   -350.149628
 17.074800   -352.082275
 17.094835   -354.020142
 17.114870   -355.963776
 17.134903   -357.912476
 17.154938   -359.866882
 17.174971   -361.826660
 17.195005   -363.792084
 17.215040   -365.762970
 17.235075   -367.739319
 17.255108   -369.720917
 17.275143   -371.708374
 17.295176   -373.700989
 17.315210   -375.699127
 17.335245   -377.703033
 17.355280   -379.712158
 17.375313   -381.726715
 17.395348   -383.746918
 17.415382   -385.772614
 17.435417   -387.803772
 17.455450   -389.840240
 17.475485   -391.882324
 17.495518   -393.929749
 17.515553   -395.982849
 17.535587   -398.041443
 17.555622   -400.105438
 17.575657   -402.174957
 17.595690   -404.249664
 17.615725   -406.330292
 17.635757   -408.415955
 17.655792   -410.507355
 17.675827   -412.604401
 17.695862   -414.706665
 17.715895   -416.814423
 17.735929   -418.927734
 17.755964   -421.046570
 17.775997   -423.170715
 17.796032   -425.300415
 17.816067   -427.435791
 17.836100   -429.576385
 17.856134   -431.722412
 17.876169   -433.874268
 17.896204   -436.031372
 17.916237   -438.193909
 17.936272   -440.362000
 17.956305   -442.535461
 17.976339   -444.714539
 17.996374   -446.899170
 18.016409   -449.089233
 18.036442   -451.284576
 18.056477   -453.485596
 18.076511   -455.692108
 18.096544   -457.903778
 18.116579   -460.121399
 18.136614   -462.344177
 18.156649   -464.572754
 18.176682   -466.806458
 18.196716   -469.045715
 18.216751   -471.290588
 18.236786   -473.540924
 18.256819   -475.796570
 18.276854   -478.057892
 18.296886   -480.324371
 18.316921   -482.596741
 18.336956   -484.874390
 18.356991   -487.157715
 18.377024   -489.446198
 18.397058   -491.740204
 18.417091   -494.039703
 18.437126   -496.344818
 18.457161   -498.655457
 18.477196   -500.971558
 18.497229   -503.292938
 18.517263   -505.619965
 18.537298   -507.952515
 18.557333   -510.290527
 18.577366   -512.633789
 18.597401   -514.982788
 18.617434   -517.337097
 18.637468   -519.696838
 18.657503   -522.062378
 18.677538   -524.433167
 18.697573   -526.809631
 18.717606   -529.191162
 18.737640   -531.578491
 18.757673   -533.971130
 18.777708   -536.369385
 18.797743   -538.773193
 18.817778   -541.182373
 18.837811   -543.596863
 18.857845   -546.017151
 18.877880   -548.442749
 18.897913   -550.873657
 18.917948   -553.310425
 18.937983   -555.752441
 18.958015   -558.199829
 18.978050   -560.652954
 18.998085   -563.111450
 19.018120   -565.575500
 19.038153   -568.044861
 19.058187   -570.519897
 19.078220   -573.000122
 19.098255   -575.486084
 19.118290   -577.977539
 19.138325   -580.474487
 19.158358   -582.976624
 19.178392   -585.484375
 19.198427   -587.997864
 19.218460   -590.516357
 19.238495   -593.040649
 19.258530   -595.570557
 19.278564   -598.105713
 19.298597   -600.646301
 19.318632   -603.192505
 19.338667   -605.744263
 19.358702   -608.301453
 19.378735   -610.863770
 19.398769   -613.432068
 19.418802   -616.005493
 19.438837   -618.584412
 19.458872   -621.169189
 19.478907   -623.759033
 19.498940   -626.354431
 19.518974   -628.955444
 19.539007   -631.561768
 19.559042   -634.173706
 19.579077   -636.791260
 19.599112   -639.414124
 19.619144   -642.042358
 19.639179   -644.676270
 19.659214   -647.315613
 19.679249   -649.960510
 19.699282   -652.610657
 19.719316   -655.266357
 19.739349   -657.927429
 19.759384   -660.594360
 19.779419   -663.266479
 19.799454   -665.944214
 19.819489   -668.627441
 19.839521   -671.315918
 19.859556   -674.010132
 19.879589   -676.709473
 19.899624   -679.414795
 19.919659   -682.125244
 19.939693   -684.841431
 19.959726   -687.562744
 19.979761   -690.289673
 19.999796   -693.022339
 20.019831   -695.760193
 20.039864   -698.503479
 20.059898   -701.252441
 20.079931   -704.006653
 20.099966   -706.766602
 20.120001   -709.532104
 20.140036   -712.302979
 20.160069   -715.079163
 20.180103   -717.860962
 20.200136   -720.648071
 20.220171   -723.440735
 20.240206   -726.239197
 20.260241   -729.042725
 20.280273   -731.851807
 20.300308   -734.666504
 20.320343   -737.486694
 20.340378   -740.312561
 20.360411   -743.143372
 20.380445   -745.979980
 20.400480   -748.822144
 20.420513   -751.669373
 20.440548   -754.522644
 20.460583   -757.380981
 20.480618   -760.245239
 20.500650   -763.114380
 20.520685   -765.989502
 20.540718   -768.869568
 20.560753   -771.755554
 20.580788   -774.647217
 20.600822   -777.543884
 20.620855   -780.445923
 20.640890   -783.354126
 20.660925   -786.267334
 20.680958   -789.185730
 20.700993   -792.110229
 20.721027   -795.040039
 20.741060   -797.974915
 20.761095   -800.915771
 20.781130   -803.862061
 20.801165   -806.813599
 20.821198   -809.770386
 20.841232   -812.733398
 20.861265   -815.701172
 20.881300   -818.674683
 20.901335   -821.653931
 20.921370   -824.638489
 20.941404   -827.628601
 20.961437   -830.623962
 20.981472   -833.624939
 21.001505   -836.630981
 21.021540   -839.643127
 21.041574   -842.660645
 21.061609   -845.683411
 21.081642   -848.711853
 21.101677   -851.745544
 21.121710   -854.784546
 21.141745   -857.829712
 21.161779   -860.879883
 21.181814   -863.935730
 21.201847   -866.996765
 21.221882   -870.063538
 21.241915   -873.135437
 21.261950   -876.213379
 21.281984   -879.296570
 21.302019   -882.385010
 21.322052   -885.478882
 21.342087   -888.578796
 21.362122   -891.683838
 21.382156   -894.794434
 21.402189   -897.910278
 21.422222   -901.031494
 21.442259   -904.158936
 21.462292   -907.291260
 21.482327   -910.429321
 21.502361   -913.572632
 21.522396   -916.721558
 21.542429   -919.875977
 21.562462   -923.035400
 21.582499   -926.201050
 21.602531   -929.371704
 21.622566   -932.548096
 21.642599   -935.729858
 21.662636   -938.917419
 21.682669   -942.109863
 21.702703   -945.307983
 21.722736   -948.511658
 21.742771   -951.720947
 21.762806   -954.935425
 21.782839   -958.155640
 21.802874   -961.381104
 21.822908   -964.612305
 21.842943   -967.849121
 21.862976   -971.090820
 21.883009   -974.338013
 21.903046   -977.591675
 21.923079   -980.849854
 21.943113   -984.113892
 21.963146   -987.383179
 21.983183   -990.658386
 22.003216   -993.938477
 22.023251   -997.224487
 22.043283  -1000.515747
 22.063318  -1003.812500
 22.083353  -1007.114868
 22.103386  -1010.422485
 22.123423  -1013.736328
 22.143456  -1017.054688
 22.163490  -1020.379272
 22.183523  -1023.708557
 22.203558  -1027.043701
 22.223593  -1030.384766
 22.243626  -1033.730713
 22.263660  -1037.082153
 22.283695  -1040.439575
 22.303730  -1043.802246
 22.323763  -1047.169922
 22.343798  -1050.543701
 22.363832  -1053.922852
 22.383865  -1057.307007
 22.403900  -1060.697266
 22.423933  -1064.092285
 22.443970  -1067.493652
 22.464003  -1070.899658
 22.484037  -1074.311890
 22.504070  -1077.729004
 22.524105  -1081.151855
 22.544140  -1084.580566
 22.564173  -1088.013916
 22.584208  -1091.453369
 22.604242  -1094.898438
 22.624277  -1098.348755
 22.644310  -1101.804077
 22.664347  -1105.265625
 22.684380  -1108.732178
 22.704412  -1112.203979
 22.724447  -1115.682007
 22.744482  -1119.165161
 22.764517  -1122.653809
 22.784550  -1126.147827
 22.804585  -1129.647217
 22.824619  -1133.152466
 22.844652  -1136.663086
 22.864687  -1140.179077
 22.884720  -1143.700195
 22.904757  -1147.227295
 22.924789  -1150.759766
 22.944824  -1154.297852
 22.964857  -1157.840942
 22.984894  -1161.389893
 23.004927  -1164.944336
 23.024960  -1168.503784
 23.044994  -1172.069702
 23.065029  -1175.640503
 23.085064  -1179.216553
 23.105097  -1182.798218
 23.125132  -1186.385498
 23.145166  -1189.978394
 23.165199  -1193.576660
 23.185234  -1197.179932
 23.205267  -1200.788696
 23.225304  -1204.404053
 23.245337  -1208.024170
 23.265371  -1211.649780
 23.285406  -1215.280518
 23.305441  -1218.917480
 23.325474  -1222.559326
 23.345507  -1226.206787
 23.365543  -1229.859985
 23.385576  -1233.518066
 23.405611  -1237.182129
 23.425644  -1240.851562
 23.445681  -1244.527100
 23.465714  -1248.207031
 23.485746  -1251.892456
 23.505781  -1255.583984
 23.525816  -1259.280762
 23.545851  -1262.983276
 23.565884  -1266.691162
 23.585918  -1270.404053
 23.605953  -1274.122925
 23.625988  -1277.847656
 23.646021  -1281.576904
 23.666054  -1285.312012
 23.686090  -1289.052979
 23.706123  -1292.798706
 23.726158  -1296.550293
 23.746191  -1300.307617
 23.766228  -1304.070312
 23.786261  -1307.838013
 23.806293  -1311.611450
 23.826330  -1315.391113
 23.846363  -1319.175293
 23.866398  -1322.965332
 23.886431  -1326.760254
 23.906467  -1330.561768
 23.926500  -1334.368286
 23.946535  -1338.180176
 23.966568  -1341.997314
 23.986603  -1345.819702
 24.006638  -1349.648682
 24.026670  -1353.481934
 24.046705  -1357.321411
 24.066740  -1361.166260
 24.086775  -1365.016602
 24.106808  -1368.871948
 24.126841  -1372.733032
 24.146877  -1376.600464
 24.166910  -1380.472290
 24.186945  -1384.349854
 24.206978  -1388.232666
 24.227015  -1392.121826
 24.247047  -1396.015991
 24.267082  -1399.915283
 24.287115  -1403.819824
 24.307150  -1407.730957
 24.327185  -1411.647095
 24.347218  -1415.567993
 24.367254  -1419.495239
 24.387287  -1423.427612
 24.407322  -1427.365723
 24.427355  -1431.309204
 24.447392  -1435.258301
 24.467424  -1439.212158
 24.487457  -1443.171387
 24.507492  -1447.137451
 24.527527  -1451.108276
 24.547562  -1455.084717
 24.567595  -1459.066040
 24.587629  -1463.053345
 24.607664  -1467.046143
 24.627697  -1471.044434
 24.647732  -1475.048218
 24.667765  -1479.056885
 24.687801  -1483.071777
 24.707834  -1487.091797
 24.727869  -1491.117554
 24.747902  -1495.148560
 24.767939  -1499.185303
 24.787971  -1503.227051
 24.808004  -1507.274414
 24.828039  -1511.327637
 24.848074  -1515.386108
 24.868109  -1519.449707
 24.888142  -1523.519165
 24.908176  -1527.594238
 24.928211  -1531.674683
 24.948244  -1535.760498
 24.968279  -1539.851562
 24.988314  -1543.948486
